x: 29.2359
y: 10.2756
z: 41.7997
xSpace: 0.5
space: 5847.17
xfactor: 0.0171023
space: 2055.12
yfactor 0.048659
space: 8359.94
zfactor 0.0119618
min 0.0119618